(regular, 1, 35, 1691517721)
(random, 1, 55, 1691517721)
(regular, 2, 73, 189, 1691517722)
(regular, 3, 99, 1691517723)
(random, 1, 34, 1691517724)
(regular, 3, 33, 1691517724)
(regular, 0, 1691517725)
(regular, 2, 56, 165, 1691517726)
(random, 2, 58, 139, 1691517727)
(regular, 3, 94, 1691517727)
(regular, 1, 48, 1691517728)
(regular, 1, 41, 1691517729)
(random, 0, 1691517730)
(regular, 3, 42, 1691517730)
(random, 1, 100, 1691517731)
(regular, 2, 69, 140, 1691517731)
(random, 2, 62, 123, 1691517732)
(regular, 3, 87, 1691517732)
(regular, 1, 96, 1691517733)
(regular, 0, 1691517734)
(random, 1, 83, 1691517735)
(regular, 0, 1691517735)
(regular, 1, 56, 1691517736)
(random, 0, 1691517737)
(regular, 1, 21, 1691517737)
(regular, 3, 66, 1691517738)
(random, 3, 34, 1691517739)
(regular, 0, 1691517739)
(random, 0, 1691517740)
(regular, 0, 1691517740)
(regular, 3, 73, 1691517741)
(random, 3, 5, 1691517742)
(regular, 0, 1691517742)
(regular, 0, 1691517743)
(regular, 1, 22, 1691517744)
(random, 2, 44, 185, 1691517745)
(regular, 0, 1691517745)
(random, 1, 95, 1691517746)
(regular, 2, 34, 122, 1691517746)
(regular, 2, 11, 164, 1691517747)
(regular, 0, 1691517748)
(random, 3, 63, 1691517749)
(regular, 0, 1691517749)
(regular, 3, 84, 1691517750)
(random, 3, 84, 1691517751)
(regular, 0, 1691517751)
(regular, 3, 76, 1691517752)
(regular, 3, 51, 1691517753)
(random, 3, 65, 1691517754)
(regular, 3, 17, 1691517754)
(random, 0, 1691517755)
(regular, 2, 53, 162, 1691517755)
(regular, 3, 79, 1691517756)
(regular, 1, 100, 1691517757)
(random, 1, 22, 1691517758)
(regular, 0, 1691517758)
(random, 3, 91, 1691517759)
(regular, 1, 77, 1691517759)
(regular, 1, 89, 1691517760)
(regular, 3, 8, 1691517761)
(random, 1, 36, 1691517762)
(regular, 2, 60, 114, 1691517762)
(regular, 1, 25, 1691517763)
(regular, 0, 1691517764)
(regular, 1, 96, 1691517765)
(regular, 2, 83, 131, 1691517766)
(regular, 0, 1691517767)
(regular, 3, 48, 1691517768)
(regular, 2, 61, 103, 1691517769)
(regular, 0, 1691517770)
